$ANSIBLE_VAULT;1.1;AES256
66326561383966393138323064626433646362393137333731333763363761366461633232303538
3735363736336433643035363932356537636232346538380a363464613131663132623964383563
33386236623661653961313063393461646334616239343436613166323364623733643736313663
3934363635383033650a653031636334663466336461653962383162646631343636363833346130
39366135316235376434373464663337626565363434643133366437393564663463313433623633
30646439656630643661373132366338636431343336666533323434616139363739653438333434
63373735613466386434373732306635636563316462643831386464393566313235663236663338
34643063666530356666306562653236383364393431646264636535313763306537653631666337
65373264366630333063386130306635643137336235346361326337343833643730343438646261
35636434666662633237313036306230376662366430373262316539373761636134356465376461
35663366666331373032636663616533656237333163656634376133623939633037646366313764
62653037313435333438326265626135376461373866373230653565396632363631663532633261
64363039376463643833643066383161616365383264333964626364316138666236346161356363
64376538636334383633363530343465303538623038616131306563396363396163623235396630
61643032376135633961326138336136346663393932333839363835643765356333316639323961
36363731323165636261343431613364386637613536396366636139666532366430333732613763
37643734616165643262646138663031626262396431353132653565363666653132326231303566
65346464363232643534643332323262616439316639663737303961316662616361386135306363
62373463656137386364346532663561343637313430616631623033323434613561386534623565
37616533663635623164323530383631323139373732656236313761353161613065333537613237
66356364313734356133393930303762396635613837653866353036373363303430376461393636
3333316466303464386461623262613731363835313937366361
